{"metadata":{"formatVersion":2,"generatedBy":"LeapJS Playback 0.2.1","frames":569,"protocolVersion":6,"serviceVersion":"2.1.5+22699","frameRate":"90","modified":"Sat Nov 01 2014 13:44:29 GMT-0400 (EDT)"},"frames":[["id","timestamp",{"hands":[["id","type","direction","palmNormal","palmPosition","palmVelocity","stabilizedPalmPosition","pinchStrength","grabStrength","confidence","armBasis","armWidth","elbow","wrist"]]},{"pointables":[["id","direction","handId","length","stabilizedTipPosition","tipPosition","tipVelocity","tool","carpPosition","mcpPosition","pipPosition","dipPosition","btipPosition","bases","type"]]},{"interactionBox":["center","size"]}],[16836,307249221,[[27,"left",[-0.0464539,0.106936,-0.99318],[0.1841,-0.976306,-0.11373],[-25.4842,91.8299,2.19952],[-1.12118,-0.341722,-3.88873],[-28.4259,96.1766,2.15345],0,0,0.976037,[[-0.849417,-0.0972525,-0.518684],[-0.18389,0.975816,0.118181],[-0.494647,-0.195766,0.846759]],62.5938,[-162.347,36.9692,280.142],[-31.1531,88.8919,55.5582]]],[[270,[0.26508,-0.235246,-0.935089],27,51.1953,[29.9795,68.064,-34.5782],[31.5748,63.8911,-35.2292],[-2.34053,1.7041,-6.27574],false,[-1.54896,83.443,56.9714],[-1.54896,83.443,56.9714],[14.3432,73.6254,11.6336],[23.2215,65.7463,-19.6854],[33.1852,62.7577,-40.1874],[[[-0.568806,0.818399,-0.0817505],[0.725951,0.546288,0.417809],[-0.386593,-0.178305,0.90485]],[[-0.436502,0.835443,-0.333917],[0.839302,0.511809,0.18337],[-0.324097,0.200216,0.924595]],[[-0.436502,0.835443,-0.333917],[0.859767,0.496683,0.118774],[-0.26508,0.235246,0.935089]],[[-0.436502,0.835443,-0.333917],[0.788441,0.533981,0.305329],[-0.43339,0.129997,0.891781]]],0],[271,[-0.00281488,-0.487625,-0.873049],27,57.7682,[-5.64752,73.0594,-93.6221],[-3.92243,70.4579,-93.8314],[-6.73469,5.7641,-6.3516],false,[-13.3521,101.829,48.9196],[-2.86973,101.154,-22.5823],[-5.01148,90.6463,-63.4001],[-5.07832,79.0685,-84.1291],[-4.51965,68.2433,-96.9429],[[[-0.975671,-0.167502,-0.141455],[-0.164403,0.985827,-0.0334048],[-0.145046,0.00933653,0.989381]],[[-0.982615,-0.160718,0.0929342],[-0.178582,0.955078,-0.236506],[0.0507486,0.24899,0.967175]],[[-0.982615,-0.160718,0.0929342],[-0.185632,0.858133,-0.478695],[0.00281488,0.487625,0.873049]],[[-0.982615,-0.160718,0.0929342],[-0.182645,0.747105,-0.639121],[-0.0332867,0.644984,0.763471]]],1],[272,[-0.0441995,-0.421844,-0.90559],27,65.8222,[-32.2295,70.6529,-104.546],[-30.9702,68.8047,-104.537],[-6.98811,8.10934,-6.31583],false,[-25.2175,101.468,46.5986],[-24.5065,99.1676,-21.894],[-30.6499,89.2041,-67.7729],[-31.8846,77.4204,-93.0695],[-31.4511,66.92,-108.246],[[[-0.943879,-0.33029,0.00129577],[-0.330129,0.943283,-0.0351088],[-0.0103738,0.0335662,0.999383]],[[-0.928285,-0.317686,0.193292],[-0.3485,0.924551,-0.154119],[0.129748,0.210428,0.968961]],[[-0.928285,-0.317686,0.193292],[-0.369233,0.84919,-0.37755],[0.0441995,0.421844,0.90559]],[[-0.928285,-0.317686,0.193292],[-0.371127,0.758626,-0.535491],[-0.0234815,0.568825,0.822123]]],2],[273,[-0.0353906,-0.451722,-0.891456],27,63.2898,[-53.4174,66.0544,-92.834],[-51.2515,63.3359,-92.7792],[-7.6042,2.27327,-4.12865],false,[-36.8359,98.3089,45.7777],[-45.2902,94.4511,-15.0494],[-51.7323,84.1312,-57.2196],[-52.6954,71.8387,-81.4783],[-51.7563,60.87,-96.1639],[[[-0.907527,-0.391913,0.150992],[-0.396884,0.917864,-0.00305048],[0.137395,0.0626947,0.98853]],[[-0.893362,-0.385522,0.23082],[-0.424689,0.892236,-0.153472],[0.146779,0.235132,0.960817]],[[-0.893362,-0.385522,0.23082],[-0.447943,0.804562,-0.389908],[0.0353906,0.451722,0.891456]],[[-0.893362,-0.385522,0.23082],[-0.446416,0.703004,-0.553623],[-0.0511668,0.597627,0.80014]]],3],[274,[-0.0370981,-0.503103,-0.86343],27,49.618,[-71.0776,60.8726,-65.7778],[-68.8407,57.7812,-66.0419],[-6.71541,1.57426,-3.98702],false,[-46.8387,88.6989,47.5248],[-62.7716,85.8808,-7.08918],[-70.1383,75.9167,-39.5379],[-70.8511,66.2505,-56.1271],[-69.2426,55.4625,-69.0781],[[[-0.80739,-0.528257,0.262803],[-0.519498,0.847642,0.107818],[0.279719,0.0494747,0.958806]],[[-0.782609,-0.522654,0.338166],[-0.585271,0.802833,-0.113655],[0.212088,0.286866,0.934198]],[[-0.782609,-0.522654,0.338166],[-0.621408,0.688273,-0.374343],[0.037098,0.503103,0.86343]],[[-0.782609,-0.522654,0.338166],[-0.615223,0.566475,-0.548276],[-0.0949966,0.637133,0.764877]]],4]],[[0,200,0],[235.247,235.247,147.751]]],[16837,307272415,[[27,"left",[-0.0470398,0.106952,-0.993151],[0.185208,-0.976078,-0.113886],[-25.527,91.8022,2.13504],[-1.52977,-0.822098,-3.26463],[-28.4254,96.1758,2.15344],0,0,0.930145,[[-0.849073,-0.0986905,-0.518975],[-0.185049,0.975715,0.117205],[-0.494805,-0.195552,0.846716]],62.5938,[-162.404,36.9878,280.069],[-31.1678,88.8536,55.4961]]],[[270,[0.265097,-0.234742,-0.935211],27,51.1953,[29.9797,68.0633,-34.5784],[31.518,63.9175,-35.3306],[-2.21714,1.49122,-5.10844],false,[-1.55655,83.4398,56.8953],[-1.55655,83.4398,56.8953],[14.2921,73.6245,11.5417],[23.171,65.7623,-19.7813],[33.1364,62.7928,-40.2853],[[[-0.569816,0.817728,-0.0814286],[0.725495,0.547121,0.417513],[-0.385963,-0.178829,0.905015]],[[-0.437661,0.834949,-0.333636],[0.839041,0.512633,0.182257],[-0.323209,0.200167,0.924916]],[[-0.437661,0.834949,-0.333636],[0.859172,0.497751,0.118605],[-0.265097,0.234742,0.935211]],[[-0.437661,0.834949,-0.333636],[0.787756,0.534954,0.305392],[-0.433467,0.129166,0.891865]]],0],[271,[-0.00388426,-0.486042,-0.873927],27,57.7682,[-5.64259,73.0465,-93.625],[-4.08836,70.5534,-93.9463],[-6.8555,5.53827,-5.80366],false,[-13.3852,101.813,48.8502],[-2.93513,101.155,-22.6566],[-5.13806,90.7153,-63.4886],[-5.23028,79.1751,-84.2384],[-4.68358,68.3731,-97.0723],[[[-0.975536,-0.168651,-0.141016],[-0.16559,0.985634,-0.0332576],[-0.144599,0.00909319,0.989448]],[[-0.982293,-0.161844,0.0943768],[-0.179933,0.955307,-0.23455],[0.0521983,0.247378,0.967512]],[[-0.982293,-0.161844,0.0943768],[-0.187311,0.858819,-0.476807],[0.00388426,0.486042,0.873927]],[[-0.982293,-0.161844,0.0943768],[-0.184498,0.748052,-0.637479],[-0.0325733,0.643603,0.764666]]],1],[272,[-0.0441196,-0.422029,-0.905508],27,65.8222,[-32.2239,70.6404,-104.548],[-31.0455,68.7778,-104.6],[-4.68938,2.5284,-4.14157],false,[-25.2513,101.437,46.5347],[-24.5692,99.1428,-21.9584],[-30.7241,89.1693,-67.8336],[-31.9565,77.3805,-93.1279],[-31.517,66.8774,-108.302],[[[-0.943485,-0.331411,0.00170788],[-0.331266,0.942892,-0.0348881],[-0.00995197,0.0334822,0.99939]],[[-0.927802,-0.318794,0.193786],[-0.349693,0.924122,-0.15399],[0.12999,0.210638,0.968883]],[[-0.927802,-0.318794,0.193786],[-0.370454,0.848683,-0.377494],[0.0441196,0.422029,0.905508]],[[-0.927802,-0.318794,0.193786],[-0.372312,0.758055,-0.535478],[-0.023807,0.568966,0.822016]]],2],[273,[-0.03642,-0.451152,-0.891704],27,63.2898,[-53.4089,66.0369,-92.8341],[-51.3982,63.3141,-92.8399],[-6.94903,0.792433,-3.37337],false,[-36.8663,98.2646,45.719],[-45.3441,94.4011,-15.1045],[-51.8429,84.0986,-57.2703],[-52.834,71.8217,-81.5357],[-51.9089,60.8643,-96.2306],[[[-0.906991,-0.393002,0.151383],[-0.397976,0.917392,-0.0028008],[0.137777,0.062787,0.988471]],[[-0.89262,-0.386521,0.232015],[-0.425799,0.891909,-0.152296],[0.148071,0.234734,0.960716]],[[-0.89262,-0.386521,0.232015],[-0.449337,0.804402,-0.38863],[0.03642,0.451152,0.891704]],[[-0.89262,-0.386521,0.232015],[-0.447983,0.70298,-0.552386],[-0.0504066,0.597009,0.800649]]],3],[274,[-0.0371981,-0.50315,-0.863398],27,49.618,[-71.0707,60.8578,-65.7796],[-68.9045,57.7087,-66.0871],[-4.28187,-1.20511,-2.75906],false,[-46.8569,88.6425,47.47],[-62.8116,85.8094,-7.13686],[-70.1942,75.8386,-39.5799],[-70.9089,66.1716,-56.1685],[-69.2973,55.3847,-69.1201],[[[-0.806641,-0.529235,0.263138],[-0.520455,0.847016,0.108119],[0.280103,0.0497383,0.958681]],[[-0.781718,-0.523578,0.338797],[-0.586295,0.802162,-0.113114],[0.212546,0.287058,0.934035]],[[-0.781718,-0.523578,0.338797],[-0.622522,0.687536,-0.373845],[0.0371981,0.50315,0.863398]],[[-0.781718,-0.523578,0.338797],[-0.616326,0.565699,-0.547838],[-0.0951794,0.637064,0.764912]]],4]],[[0,200,0],[235.247,235.247,147.751]]],[16838,307295774,[[27,"left",[-0.0476463,0.107035,-0.993113],[0.185876,-0.975926,-0.1141],[-25.6042,91.7784,2.04778],[-2.53326,-0.934305,-3.53102],[-28.4246,96.1745,2.15341],0,0,0.945385,[[-0.848877,-0.0996206,-0.519118],[-0.185759,0.975661,0.116526],[-0.494875,-0.195347,0.846722]],62.5938,[-162.469,37.0077,279.986],[-31.2144,88.8192,55.4115]]],[[270,[0.26479,-0.234435,-0.935375],27,51.1953,[29.9798,68.0624,-34.5786],[31.413,63.9226,-35.4591],[-3.31833,0.865575,-5.22343],false,[-1.59847,83.4274,56.7943],[-1.59847,83.4274,56.7943],[14.2068,73.6125,11.4255],[23.0755,65.7606,-19.903],[33.0386,62.805,-40.4101],[[[-0.57047,0.817312,-0.081029],[0.725307,0.547613,0.417193],[-0.385349,-0.179225,0.905198]],[[-0.438456,0.834661,-0.333313],[0.838966,0.513106,0.181271],[-0.322325,0.200159,0.925226]],[[-0.438456,0.834661,-0.333313],[0.858861,0.498378,0.118221],[-0.26479,0.234435,0.935375]],[[-0.438456,0.834661,-0.333313],[0.787368,0.53555,0.305348],[-0.433368,0.128559,0.892]]],0],[271,[-0.00529883,-0.484261,-0.874908],27,57.7682,[-5.63891,73.0342,-93.6289],[-4.31084,70.6599,-94.0905],[-8.23917,5.76096,-6.26987],false,[-13.4451,101.792,48.7577],[-3.03247,101.151,-22.7547],[-5.30751,90.7923,-63.6034],[-5.43332,79.2944,-84.3765],[-4.90515,68.5174,-97.2321],[[[-0.975485,-0.169363,-0.140519],[-0.166343,0.985514,-0.0330524],[-0.144081,0.0088677,0.989526]],[[-0.98203,-0.162538,0.0959125],[-0.180865,0.955684,-0.232283],[0.0539071,0.245456,0.967908]],[[-0.98203,-0.162538,0.0959125],[-0.188653,0.859693,-0.474697],[0.00529883,0.484261,0.874908]],[[-0.98203,-0.162538,0.0959125],[-0.186085,0.749176,-0.635694],[-0.0314694,0.642118,0.765959]]],1],[272,[-0.0447587,-0.421328,-0.905803],27,65.8222,[-32.2202,70.6296,-104.551],[-31.208,68.8143,-104.705],[-5.84985,2.01651,-4.3035],false,[-25.3121,101.409,46.4485],[-24.6647,99.1225,-22.0453],[-30.8568,89.1777,-67.9217],[-32.1071,77.4084,-93.2242],[-31.6766,66.9183,-108.408],[[[-0.943236,-0.332116,0.00216866],[-0.331989,0.942649,-0.0346001],[-0.00944698,0.0333561,0.999399]],[[-0.927427,-0.319491,0.194436],[-0.350396,0.924019,-0.153009],[0.130778,0.210034,0.968908]],[[-0.927427,-0.319491,0.194436],[-0.371317,0.848769,-0.37645],[0.0447587,0.421328,0.905803]],[[-0.927427,-0.319491,0.194436],[-0.373277,0.758289,-0.534474],[-0.023321,0.568264,0.822516]]],2],[273,[-0.0369699,-0.45144,-0.891535],27,63.2898,[-53.4008,66.0177,-92.8346],[-51.5529,63.2719,-92.9073],[-6.5959,-0.944369,-2.93456],false,[-36.9252,98.2271,45.6385],[-45.4324,94.3645,-15.181],[-51.9727,84.0588,-57.3396],[-52.9787,71.774,-81.6004],[-52.0575,60.8094,-96.2901],[[[-0.906617,-0.393697,0.151817],[-0.398662,0.917094,-0.0024805],[0.138254,0.0627725,0.988406]],[[-0.892078,-0.387158,0.233035],[-0.426603,0.891613,-0.151774],[0.149016,0.234808,0.960552]],[[-0.892078,-0.387158,0.233035],[-0.450366,0.803935,-0.388407],[0.0369699,0.45144,0.891535]],[[-0.892078,-0.387158,0.233035],[-0.449084,0.702293,-0.552366],[-0.0501942,0.597406,0.800367]]],3],[274,[-0.0386259,-0.502348,-0.863802],27,49.618,[-71.064,60.8415,-65.782],[-69.0774,57.6943,-66.1656],[-6.0204,-0.645957,-3.17576],false,[-46.9077,88.5974,47.3936],[-62.8892,85.7588,-7.20507],[-70.3217,75.8073,-39.6426],[-71.0638,66.1556,-56.239],[-69.4743,55.3829,-69.2051],[[[-0.806105,-0.529868,0.263503],[-0.52103,0.846615,0.108496],[0.280574,0.0498337,0.958538]],[[-0.78093,-0.524144,0.339738],[-0.586823,0.80199,-0.111584],[0.213981,0.286505,0.933877]],[[-0.78093,-0.524144,0.339738],[-0.623424,0.687692,-0.372053],[0.0386259,0.502348,0.863802]],[[-0.78093,-0.524144,0.339738],[-0.617524,0.566117,-0.546055],[-0.0938796,0.636227,0.765769]]],4]],[[0,200,0],[235.247,235.247,147.751]]],[16839,307319342,[[27,"left",[-0.0481271,0.107321,-0.993059],[0.186405,-0.97578,-0.114488],[-25.6901,91.7405,1.94779],[-3.16595,-1.31744,-3.93562],[-28.4234,96.1726,2.15333],0,0,0.957394,[[-0.848705,-0.100345,-0.51926],[-0.18633,0.975613,0.116015],[-0.494955,-0.195217,0.846705]],62.5938,[-162.552,36.9841,279.883],[-31.2762,88.7611,55.3129]]],[[270,[0.264625,-0.233969,-0.935538],27,51.1953,[29.98,68.0612,-34.5789],[31.3019,63.9121,-35.5986],[-3.92009,0.193293,-5.51386],false,[-1.65646,83.3863,56.6816],[-1.65646,83.3863,56.6816],[14.1101,73.5776,11.2979],[22.9732,65.7413,-20.0361],[32.9352,62.8011,-40.5459],[[[-0.570986,0.817,-0.0805301],[0.725159,0.547909,0.417062],[-0.384863,-0.17974,0.905303]],[[-0.439069,0.834505,-0.332896],[0.838948,0.513408,0.180493],[-0.321534,0.200034,0.925528]],[[-0.439069,0.834505,-0.332896],[0.858599,0.498858,0.118102],[-0.264625,0.233969,0.935538]],[[-0.439069,0.834505,-0.332896],[0.787053,0.535953,0.305455],[-0.43332,0.127891,0.89212]]],0],[271,[-0.00659205,-0.482814,-0.875698],27,57.7682,[-5.63652,73.0227,-93.6336],[-4.5223,70.7346,-94.2373],[-8.60003,4.61257,-6.34513],false,[-13.5174,101.747,48.6558],[-3.13437,101.135,-22.8612],[-5.472,90.8277,-63.7195],[-5.62851,79.3642,-84.5114],[-5.11846,68.611,-97.3878],[[[-0.975443,-0.169895,-0.140163],[-0.166939,0.985426,-0.03267],[-0.143671,0.00846902,0.989589]],[[-0.981799,-0.163099,0.0973148],[-0.181668,0.955905,-0.230742],[0.0553899,0.244222,0.968136]],[[-0.981799,-0.163099,0.0973148],[-0.18981,0.860401,-0.472951],[0.00659205,0.482814,0.875698]],[[-0.981799,-0.163099,0.0973148],[-0.187478,0.750274,-0.633988],[-0.0303899,0.640693,0.767195]]],1],[272,[-0.045721,-0.420075,-0.906337],27,65.8222,[-32.2182,70.6202,-104.555],[-31.3968,68.8847,-104.835],[-7.08316,2.74668,-4.99761],false,[-25.3851,101.357,46.3514],[-24.7651,99.0928,-22.1433],[-31.0071,89.2036,-68.025],[-32.2843,77.4693,-93.3424],[-31.8691,67.0012,-108.542],[[[-0.943039,-0.332674,0.00245976],[-0.33256,0.942463,-0.0341617],[-0.00904649,0.0330338,0.999413]],[[-0.927087,-0.320062,0.195112],[-0.350898,0.924088,-0.151436],[0.131832,0.208859,0.969019]],[[-0.927087,-0.320062,0.195112],[-0.372046,0.849174,-0.374813],[0.045721,0.420075,0.906337]],[[-0.927087,-0.320062,0.195112],[-0.37417,0.758937,-0.532927],[-0.0224917,0.567075,0.823359]]],2],[273,[-0.0378199,-0.451153,-0.891645],27,63.2898,[-53.3939,65.9981,-92.8359],[-51.7287,63.2549,-93.0024],[-7.06106,-0.816391,-3.50958],false,[-36.9966,98.1687,45.5453],[-45.5271,94.3203,-15.2718],[-52.1158,84.0312,-57.4269],[-53.1449,71.7542,-81.6907],[-52.2348,60.7933,-96.3839],[[[-0.90632,-0.394281,0.152073],[-0.399205,0.916859,-0.00202215],[0.138632,0.0625411,0.988367]],[[-0.891599,-0.387691,0.233981],[-0.427218,0.891481,-0.150819],[0.150118,0.234431,0.960472]],[[-0.891599,-0.387691,0.233981],[-0.451244,0.803839,-0.387585],[0.0378199,0.451153,0.891645]],[[-0.891599,-0.387691,0.233981],[-0.450102,0.702171,-0.551691],[-0.0495908,0.597203,0.800556]]],3],[274,[-0.0399664,-0.50145,-0.864263],27,49.618,[-71.058,60.8246,-65.7851],[-69.2562,57.6856,-66.2669],[-6.85379,-0.28385,-3.86251],false,[-46.9726,88.5325,47.3016],[-62.9755,85.7018,-7.2913],[-70.4573,75.779,-39.7263],[-71.2252,66.1446,-56.3315],[-69.6552,55.3859,-69.3116],[[[-0.805681,-0.530428,0.263673],[-0.521485,0.846272,0.108983],[0.280947,0.0496958,0.958436]],[[-0.780259,-0.524655,0.34049],[-0.587195,0.801951,-0.10989],[0.215402,0.285677,0.933805]],[[-0.780259,-0.524655,0.34049],[-0.624178,0.687957,-0.370293],[0.0399664,0.50145,0.864263]],[[-0.780259,-0.524655,0.34049],[-0.618545,0.566571,-0.544425],[-0.0927237,0.635401,0.766595]]],4]],[[0,200,0],[235.247,235.247,147.751]]],[16840,307342910,[[27,"left",[-0.0486776,0.107596,-0.993002],[0.18675,-0.975668,-0.114873],[-25.7968,91.7091,1.83635],[-3.9397,-1.32457,-4.38621],[-28.4218,96.1699,2.15313],0,0,0.966762,[[-0.848601,-0.100834,-0.519336],[-0.186711,0.975582,0.11567],[-0.494991,-0.195123,0.846706]],62.5938,[-162.64,36.9593,279.774],[-31.3545,88.7115,55.2034]]],[[270,[0.264365,-0.233627,-0.935697],27,51.1953,[29.9802,68.0595,-34.5794],[31.1632,63.8933,-35.7528],[-4.80742,-0.344096,-5.97136],false,[-1.7318,83.3487,56.5554],[-1.7318,83.3487,56.5554],[13.9933,73.5405,11.1573],[22.8477,65.7156,-20.182],[32.8049,62.7857,-40.6957],[[[-0.571366,0.816787,-0.0799962],[0.725144,0.548085,0.416855],[-0.384327,-0.180168,0.905446]],[[-0.439525,0.834416,-0.332519],[0.839033,0.513558,0.179673],[-0.32069,0.200023,0.925823]],[[-0.439525,0.834416,-0.332519],[0.858446,0.499169,0.117905],[-0.264365,0.233627,0.935697]],[[-0.439525,0.834416,-0.332519],[0.786914,0.536199,0.30538],[-0.43311,0.127442,0.892286]]],0],[271,[-0.00782054,-0.481341,-0.876499],27,57.7682,[-5.6355,73.0121,-93.6391],[-4.75348,70.8133,-94.3979],[-9.1104,4.26803,-6.73096],false,[-13.6044,101.707,48.5411],[-3.2576,101.12,-22.9813],[-5.65307,90.869,-63.8504],[-5.83876,79.4404,-84.6613],[-5.34636,68.7109,-97.558],[[[-0.975444,-0.170258,-0.139716],[-0.167364,0.985366,-0.0322918],[-0.14317,0.00811534,0.989665]],[[-0.98161,-0.163497,0.0985448],[-0.182265,0.956174,-0.22915],[0.0567607,0.242898,0.96839]],[[-0.98161,-0.163497,0.0985448],[-0.190738,0.86115,-0.47121],[0.00782054,0.481341,0.876499]],[[-0.98161,-0.163497,0.0985448],[-0.188631,0.751388,-0.632325],[-0.0293377,0.639285,0.76841]]],1],[272,[-0.0469614,-0.418849,-0.906841],27,65.8222,[-32.2181,70.6117,-104.56],[-31.6322,68.97,-104.976],[-8.81719,3.4642,-5.51204],false,[-25.4731,101.312,46.2427],[-24.8871,99.069,-22.2531],[-31.1971,89.2508,-68.1406],[-32.5089,77.5507,-93.4722],[-32.1122,67.0995,-108.683],[[[-0.942899,-0.333066,0.00284122],[-0.332968,0.942335,-0.0337119],[-0.0085509,0.032733,0.999428]],[[-0.926764,-0.320454,0.196004],[-0.35121,0.924289,-0.149468],[0.133266,0.20736,0.969145]],[[-0.926764,-0.320454,0.196004],[-0.372697,0.849632,-0.373126],[0.0469614,0.418849,0.906841]],[[-0.926764,-0.320454,0.196004],[-0.375028,0.759459,-0.531579],[-0.0214899,0.566155,0.824018]]],2],[273,[-0.0387187,-0.451022,-0.891673],27,63.2898,[-53.3883,65.9781,-92.8378],[-51.9331,63.2424,-93.1033],[-7.91809,-0.722126,-3.86],false,[-37.0838,98.1197,45.4415],[-45.6436,94.2859,-15.3724],[-52.2845,84.0127,-57.5231],[-53.3381,71.7393,-81.7877],[-52.4393,60.7778,-96.4812],[[[-0.906079,-0.394702,0.152417],[-0.399586,0.916694,-0.00154605],[0.13911,0.0623047,0.988315]],[[-0.891172,-0.388064,0.234986],[-0.427689,0.891414,-0.149877],[0.151308,0.234067,0.960374]],[[-0.891172,-0.388064,0.234986],[-0.45201,0.803732,-0.386913],[0.0387187,0.451022,0.891673]],[[-0.891172,-0.388064,0.234986],[-0.451015,0.70194,-0.551241],[-0.048971,0.597233,0.800572]]],3],[274,[-0.0419376,-0.500314,-0.864828],27,49.618,[-71.0532,60.8067,-65.7891],[-69.4913,57.7011,-66.3779],[-8.71356,0.563277,-4.4259],false,[-47.0549,88.4789,47.2],[-63.0844,85.6578,-7.38553],[-70.6347,75.7724,-39.8161],[-71.4404,66.1599,-56.4322],[-69.9008,55.4183,-69.4301],[[[-0.805327,-0.53084,0.263926],[-0.521779,0.846024,0.109501],[0.281415,0.0495273,0.958307]],[[-0.779574,-0.525001,0.341523],[-0.587378,0.802108,-0.107745],[0.217372,0.284599,0.933677]],[[-0.779574,-0.525001,0.341523],[-0.624904,0.68852,-0.368015],[0.0419376,0.500314,0.864828]],[[-0.779574,-0.525001,0.341523],[-0.619674,0.567385,-0.54229],[-0.0909276,0.634389,0.767648]]],4]],[[0,200,0],[235.247,235.247,147.751]]],[16841,307366867,[[27,"left",[-0.0496531,0.108376,-0.992869],[0.187443,-0.97542,-0.115846],[-25.9478,91.633,1.71755],[-5.29654,-2.38918,-4.7153],[-28.4193,96.1652,2.15268],0,0,0.974177,[[-0.848423,-0.101854,-0.519427],[-0.187488,0.975517,0.114952],[-0.495002,-0.194914,0.846748]],62.5938,[-162.744,36.8901,279.668],[-31.4553,88.5868,55.0871]]],[[270,[0.263871,-0.232683,-0.936072],27,51.1953,[29.9804,68.0572,-34.5802],[30.9845,63.876,-35.9485],[-6.07766,-0.53942,-7.10273],false,[-1.82704,83.247,56.4081],[-1.82704,83.247,56.4081],[13.8482,73.4718,10.9857],[22.6861,65.6785,-20.3662],[32.6348,62.7755,-40.8877],[[[-0.572103,0.816386,-0.0788107],[0.725069,0.548333,0.41666],[-0.38337,-0.181229,0.90564]],[[-0.440434,0.834323,-0.331546],[0.838944,0.513969,0.17891],[-0.319673,0.199351,0.92632]],[[-0.440434,0.834323,-0.331546],[0.858132,0.499763,0.117672],[-0.263871,0.232683,0.936072]],[[-0.440434,0.834323,-0.331546],[0.786608,0.536619,0.305432],[-0.432743,0.126274,0.89263]]],0],[271,[-0.00996559,-0.478352,-0.878112],27,57.7682,[-5.63663,73.0018,-93.6465],[-5.10712,70.9607,-94.6073],[-12.4259,6.22118,-8.2181],false,[-13.7218,101.602,48.4197],[-3.43844,101.083,-23.1125],[-5.93491,90.9445,-64.0036],[-6.17152,79.5868,-84.8528],[-5.70997,68.9057,-97.7907],[[[-0.97543,-0.170939,-0.138986],[-0.168197,0.985256,-0.031328],[-0.142292,0.00718137,0.989799]],[[-0.98126,-0.164314,0.100647],[-0.183384,0.956709,-0.226005],[0.0591536,0.240227,0.968913]],[[-0.98126,-0.164314,0.100647],[-0.192431,0.862659,-0.46775],[0.00996559,0.478352,0.878112]],[[-0.98126,-0.164314,0.100647],[-0.190716,0.753654,-0.628994],[-0.0275,0.636401,0.770868]]],1],[272,[-0.048215,-0.417114,-0.907574],27,65.8222,[-32.2204,70.6035,-104.566],[-31.9307,69.0602,-105.135],[-10.8625,3.82382,-6.13551],false,[-25.5922,101.2,46.1315],[-25.0656,99.0135,-22.3666],[-31.4439,89.2776,-68.2622],[-32.7907,77.626,-93.6143],[-32.4131,67.2043,-108.846],[[[-0.942624,-0.333837,0.00340838],[-0.333766,0.942091,-0.0326358],[-0.00768403,0.0319009,0.999462]],[[-0.926269,-0.32134,0.196894],[-0.351966,0.92437,-0.147174],[0.13471,0.205622,0.969316]],[[-0.926269,-0.32134,0.196894],[-0.373767,0.850151,-0.370866],[0.048215,0.417114,0.907574]],[[-0.926269,-0.32134,0.196894],[-0.376308,0.760274,-0.529505],[-0.0204583,0.564557,0.825141]]],2],[273,[-0.0398028,-0.450373,-0.891953],27,63.2898,[-53.3846,65.9567,-92.8408],[-52.2105,63.2316,-93.2175],[-9.9813,-0.535412,-4.30633],false,[-37.201,97.9983,45.3381],[-45.812,94.2078,-15.4713],[-52.5217,83.9806,-57.6224],[-53.6049,71.7248,-81.8945],[-52.7177,60.7698,-96.5936],[[[-0.90562,-0.395567,0.152901],[-0.400335,0.916369,-0.000431565],[0.139943,0.0616023,0.988241]],[[-0.890499,-0.388922,0.236116],[-0.428533,0.891315,-0.148047],[0.152875,0.233019,0.960381]],[[-0.890499,-0.388922,0.236116],[-0.45324,0.803681,-0.385577],[0.0398028,0.450373,0.891953]],[[-0.890499,-0.388922,0.236116],[-0.45241,0.701763,-0.550321],[-0.0483342,0.596882,0.800872]]],3],[274,[-0.0434829,-0.499197,-0.865397],27,49.618,[-71.0495,60.7867,-65.7943],[-69.7576,57.6739,-66.4904],[-10.0349,-0.315344,-4.54851],false,[-47.1626,88.3479,47.0975],[-63.2386,85.5588,-7.47601],[-70.8536,75.7153,-39.9042],[-71.689,66.1242,-56.5312],[-70.1692,55.3989,-69.5449],[[[-0.804658,-0.531715,0.264207],[-0.522371,0.845507,0.110666],[0.282231,0.0489658,0.958096]],[[-0.778591,-0.525852,0.342455],[-0.58799,0.801977,-0.105364],[0.219235,0.283395,0.933608]],[[-0.778591,-0.525852,0.342455],[-0.626023,0.688681,-0.365804],[0.0434829,0.499197,0.865397]],[[-0.778591,-0.525852,0.342455],[-0.621079,0.56767,-0.540381],[-0.0897599,0.633428,0.768578]]],4]],[[0,200,0],[235.247,235.247,147.751]]],[16842,307390262,[[27,"left",[-0.0511914,0.11149,-0.992446],[0.188899,-0.97473,-0.119243],[-26.1833,91.4162,1.56857],[-7.99635,-6.28068,-5.65054],[-28.4152,96.1565,2.15161],0,0,0.979818,[[-0.84812,-0.104705,-0.519354],[-0.189248,0.975477,0.112386],[-0.49485,-0.193604,0.847137]],62.5938,[-162.861,36.8399,279.62],[-31.6127,88.1891,54.9355]]],[[270,[0.263116,-0.229281,-0.937123],27,51.1953,[29.9804,68.0546,-34.5813],[30.7338,63.8609,-36.2652],[-8.42302,-0.562495,-10.6304],false,[-1.97389,82.8943,56.1989],[-1.97389,82.8943,56.1989],[13.6442,73.2777,10.7229],[22.4568,65.5984,-20.6641],[32.3927,62.7818,-41.2039],[[[-0.573561,0.815685,-0.0754002],[0.72473,0.548192,0.417435],[-0.38183,-0.18478,0.905573]],[[-0.442199,0.834647,-0.328365],[0.838459,0.514688,0.17912],[-0.318507,0.196114,0.927412]],[[-0.442199,0.834647,-0.328365],[0.857455,0.500794,0.118221],[-0.263116,0.229281,0.937123]],[[-0.442199,0.834647,-0.328365],[0.785924,0.536986,0.306546],[-0.432185,0.122516,0.893424]]],0],[271,[-0.012876,-0.470549,-0.88228],27,57.7682,[-5.64174,72.9934,-93.6578],[-5.62726,71.3532,-94.9618],[-18.0416,14.4535,-13.088],false,[-13.9099,101.255,48.2858],[-3.72365,100.983,-23.2615],[-6.35651,91.1485,-64.2182],[-6.66222,79.9762,-85.1664],[-6.24246,69.4204,-98.2082],[[[-0.975335,-0.172109,-0.138206],[-0.16987,0.985071,-0.0279245],[-0.140948,0.00375873,0.99001]],[[-0.980703,-0.166199,0.102952],[-0.185281,0.958162,-0.218167],[0.0623853,0.233032,0.970466]],[[-0.980703,-0.166199,0.102952],[-0.195078,0.86658,-0.459329],[0.012876,0.470549,0.88228]],[[-0.980703,-0.166199,0.102952],[-0.193896,0.759489,-0.620951],[-0.0250106,0.628931,0.777059]]],1],[272,[-0.0497971,-0.412634,-0.909535],27,65.8222,[-32.2265,70.5972,-104.575],[-32.364,69.2997,-105.386],[-15.2082,7.98742,-8.80436],false,[-25.7828,100.841,46.0125],[-25.3463,98.8756,-22.4928],[-31.8164,89.355,-68.4208],[-33.2074,77.8286,-93.8276],[-32.852,67.4835,-109.112],[[[-0.942065,-0.335411,0.00361809],[-0.33537,0.941636,-0.0291455],[-0.0063688,0.0286704,0.999569]],[[-0.925411,-0.323481,0.197422],[-0.353472,0.924624,-0.141874],[0.136647,0.201075,0.969998]],[[-0.925411,-0.323481,0.197422],[-0.37568,0.851524,-0.365748],[0.0497971,0.412634,0.909535]],[[-0.925411,-0.323481,0.197422],[-0.378477,0.762433,-0.524835],[-0.0192531,0.560407,0.827993]]],2],[273,[-0.0415383,-0.447135,-0.893502],27,63.2898,[-53.3844,65.9354,-92.8456],[-52.6324,63.3076,-93.4234],[-14.7172,1.93339,-6.88857],false,[-37.3873,97.6224,45.2247],[-46.0753,94.0133,-15.5848],[-52.8874,83.9418,-57.7569],[-54.0177,71.7742,-82.0713],[-53.152,60.8713,-96.8103],[[[-0.904754,-0.39756,0.15286],[-0.401851,0.9157,0.00306636],[0.141193,0.0586528,0.988243]],[[-0.889313,-0.391065,0.237044],[-0.430154,0.891297,-0.143376],[0.155208,0.229472,0.960861]],[[-0.889313,-0.391065,0.237044],[-0.455408,0.804449,-0.381399],[0.0415383,0.447135,0.893502]],[[-0.889313,-0.391065,0.237044],[-0.454859,0.702982,-0.546735],[-0.0471713,0.594041,0.803051]]],3],[274,[-0.0449743,-0.496384,-0.866937],27,49.618,[-71.0483,60.7657,-65.801],[-70.1122,57.6218,-66.686],[-12.9347,-1.4624,-6.54806],false,[-47.3306,87.9499,46.9666],[-63.4766,85.3098,-7.59366],[-71.1693,75.5744,-40.0361],[-72.0334,66.0373,-56.6927],[-70.5269,55.3537,-69.7422],[[[-0.803414,-0.533898,0.263589],[-0.523618,0.844278,0.114101],[0.283461,0.0463496,0.957863]],[[-0.776916,-0.528157,0.342712],[-0.589365,0.801556,-0.100783],[0.221473,0.280283,0.934019]],[[-0.776916,-0.528157,0.342712],[-0.627996,0.688951,-0.361895],[0.0449743,0.496384,0.866937]],[[-0.776916,-0.528157,0.342712],[-0.623286,0.568271,-0.537199],[-0.088972,0.630966,0.770692]]],4]],[[0,200,0],[235.247,235.247,147.751]]],[16843,307414401,[[27,"left",[-0.0541917,0.115811,-0.991792],[0.191876,-0.973533,-0.124163],[-26.5158,91.046,1.42007],[-11.3307,-11.5085,-5.93994],[-28.4086,96.1388,2.14908],0,0,0.98435,[[-0.847357,-0.110134,-0.519477],[-0.192751,0.975327,0.107632],[-0.494806,-0.191333,0.847679]],62.5938,[-163.029,36.8118,279.614],[-31.7931,87.5587,54.7858]]],[[270,[0.26152,-0.224138,-0.938813],27,51.1953,[29.9803,68.0515,-34.5828],[30.3871,63.847,-36.6896],[-11.6525,-0.540234,-14.5772],false,[-2.13332,82.3587,55.9473],[-2.13332,82.3587,55.9473],[13.3928,72.9957,10.387],[22.1519,65.4886,-21.0566],[32.0443,62.7982,-41.6343],[[[-0.576511,0.814069,-0.0701882],[0.723975,0.548749,0.418013],[-0.378807,-0.190175,0.905725]],[[-0.445852,0.834619,-0.32346],[0.837234,0.516673,0.179134],[-0.316632,0.190945,0.929131]],[[-0.445852,0.834619,-0.32346],[0.856051,0.503163,0.118338],[-0.26152,0.224138,0.938813]],[[-0.445852,0.834619,-0.32346],[0.784898,0.538252,0.306952],[-0.430292,0.117028,0.895072]]],0],[271,[-0.016803,-0.458959,-0.888299],27,57.7682,[-5.65691,72.9885,-93.6794],[-6.38135,71.8917,-95.4192],[-25.7183,22.1861,-17.8269],false,[-14.1522,100.714,48.1491],[-4.1543,100.802,-23.4253],[-6.97791,91.3979,-64.4704],[-7.37686,80.5008,-85.5615],[-7.01149,70.1368,-98.7579],[[[-0.97511,-0.174787,-0.136421],[-0.173271,0.984605,-0.0230053],[-0.138342,-0.00120514,0.990384]],[[-0.979704,-0.169924,0.106327],[-0.188953,0.959936,-0.206927],[0.0669053,0.222818,0.972562]],[[-0.979704,-0.169924,0.106327],[-0.199743,0.872057,-0.446788],[0.016803,0.458959,0.888299]],[[-0.979704,-0.169924,0.106327],[-0.199263,0.767993,-0.608672],[-0.0217697,0.617505,0.786265]]],1],[272,[-0.0516255,-0.407543,-0.911726],27,65.8222,[-32.2405,70.5915,-104.589],[-32.9805,69.4899,-105.645],[-21.1551,8.14696,-9.83477],false,[-26.0296,100.27,45.9052],[-25.7676,98.6172,-22.6093],[-32.3665,89.3454,-68.5699],[-33.8086,77.9612,-94.0379],[-33.4722,67.703,-109.381],[[[-0.940913,-0.338616,0.00457168],[-0.338626,0.940615,-0.0239885],[-0.00382269,0.0241191,0.999702]],[[-0.923731,-0.32748,0.19869],[-0.356788,0.924344,-0.135245],[0.139367,0.19582,0.970686]],[[-0.923731,-0.32748,0.19869],[-0.379546,0.852447,-0.359554],[0.0516255,0.407543,0.911726]],[[-0.923731,-0.32748,0.19869],[-0.382608,0.764169,-0.519285],[-0.0182231,0.5557,0.831183]]],2],[273,[-0.0437185,-0.442868,-0.89552],27,63.2898,[-53.3902,65.9093,-92.8536],[-53.2292,63.3042,-93.6282],[-20.6764,0.924893,-7.7868],false,[-37.6252,97.0163,45.1332],[-46.4617,93.6534,-15.669],[-53.4147,83.7743,-57.8636],[-54.6044,71.7227,-82.2329],[-53.7617,60.8926,-97.0267],[[[-0.902998,-0.401314,0.153431],[-0.404934,0.914309,0.00828001],[0.143607,0.0546527,0.988125]],[[-0.887113,-0.39505,0.238675],[-0.433514,0.890657,-0.137095],[0.158419,0.225088,0.961373]],[[-0.887113,-0.39505,0.238675],[-0.459477,0.804862,-0.375603],[0.0437185,0.442868,0.89552]],[[-0.887113,-0.39505,0.238675],[-0.459263,0.704089,-0.541604],[-0.0459122,0.590079,0.806039]]],3],[274,[-0.0476673,-0.492592,-0.868954],27,49.618,[-71.0516,60.7371,-65.811],[-70.6415,57.4269,-66.8617],[-18.4435,-5.51402,-6.69326],false,[-47.5311,87.3023,46.8573],[-63.8123,84.8547,-7.67173],[-71.6395,75.2499,-40.121],[-72.5553,65.7857,-56.8163],[-71.0757,55.1629,-69.9184],[[[-0.800906,-0.537808,0.263274],[-0.526165,0.841972,0.119309],[0.285834,0.0429698,0.957315]],[[-0.773553,-0.532169,0.34411],[-0.592314,0.800207,-0.0939836],[0.225344,0.276522,0.934214]],[[-0.773553,-0.532169,0.34411],[-0.631936,0.688585,-0.355679],[0.0476673,0.492592,0.868954]],[[-0.773553,-0.532169,0.34411],[-0.627678,0.568507,-0.531808],[-0.087383,0.627371,0.773802]]],4]],[[0,200,0],[235.247,235.247,147.751]]],[16844,307438065,[[27,"left",[-0.0601592,0.123133,-0.990565],[0.196758,-0.97143,-0.132704],[-26.6614,90.5473,1.42306],[-8.38055,-16.9619,-2.48196],[-28.3984,96.1061,2.14483],0,0,0.987804,[[-0.844985,-0.1195,-0.521267],[-0.19871,0.975089,0.0985736],[-0.496502,-0.186874,0.847682]],62.5938,[-163.319,37.0546,279.616],[-31.633,86.6188,54.7875]]],[[270,[0.258719,-0.215009,-0.941719],27,51.1953,[29.9801,68.0495,-34.5841],[30.2073,63.9677,-37.1922],[-8.13514,3.23607,-18.0038],false,[-1.93832,81.5805,55.7513],[-1.93832,81.5805,55.7513],[13.4001,72.6508,10.0407],[22.0653,65.4495,-21.5003],[31.9017,62.9969,-42.1345],[[[-0.581512,0.81126,-0.0608303],[0.72306,0.549663,0.418395],[-0.372863,-0.199318,0.906226]],[[-0.452239,0.834504,-0.314774],[0.835245,0.520038,0.178678],[-0.312802,0.182108,0.932197]],[[-0.452239,0.834504,-0.314774],[0.853548,0.50732,0.118667],[-0.258719,0.215009,0.941719]],[[-0.452239,0.834504,-0.314774],[0.782573,0.540576,0.308801],[-0.427855,0.106682,0.897529]]],0],[271,[-0.0210774,-0.44401,-0.895774],27,57.7682,[-5.68953,72.9954,-93.7177],[-7.11392,72.6902,-95.8441],[-28.0397,31.797,-19.0636],false,[-14.1032,99.9264,48.1592],[-4.48926,100.622,-23.4645],[-7.54013,91.7745,-64.6168],[-8.04058,81.2323,-85.8853],[-7.72878,71.1183,-99.2757],[[[-0.974813,-0.17933,-0.13259],[-0.179005,0.983742,-0.0144714],[-0.13303,-0.00962734,0.991065]],[[-0.978112,-0.176356,0.110429],[-0.195116,0.961742,-0.192307],[0.0722902,0.209645,0.975102]],[[-0.978112,-0.176356,0.110429],[-0.207007,0.878495,-0.430575],[0.0210774,0.44401,0.895774]],[[-0.978112,-0.176356,0.110429],[-0.207246,0.778306,-0.592696],[-0.0185774,0.602609,0.79782]]],1],[272,[-0.0556301,-0.398798,-0.91535],27,65.8222,[-32.2694,70.5905,-104.609],[-33.6913,69.9255,-105.812],[-26.5247,14.6108,-8.20623],false,[-25.9898,99.4312,45.9749],[-26.0851,98.3074,-22.5507],[-32.9394,89.4432,-68.5543],[-34.4933,78.3032,-94.1235],[-34.2073,68.1997,-109.57],[[[-0.938929,-0.344041,0.00694796],[-0.344108,0.938811,-0.0149169],[0.00139079,0.0163968,0.999865]],[[-0.920672,-0.334257,0.201582],[-0.362501,0.923701,-0.123974],[0.144762,0.187213,0.971594]],[[-0.920672,-0.334257,0.201582],[-0.386352,0.853951,-0.348568],[0.0556301,0.398798,0.91535]],[[-0.920672,-0.334257,0.201582],[-0.390029,0.767272,-0.509088],[-0.0154977,0.547326,0.836776]]],2],[273,[-0.0476537,-0.436112,-0.89863],27,63.2898,[-53.406,65.8774,-92.8643],[-53.8555,63.3985,-93.6851],[-24.3588,2.60407,-4.53631],false,[-37.5706,96.1168,45.2394],[-46.7131,93.1715,-15.5392],[-53.9162,83.5916,-57.7609],[-55.213,71.724,-82.2147],[-54.4139,61.0111,-97.0962],[[[-0.899861,-0.407664,0.155115],[-0.410092,0.911876,0.0174987],[0.148579,0.047865,0.987741]],[[-0.883197,-0.401835,0.241849],[-0.43935,0.889318,-0.126829],[0.164117,0.218271,0.961989]],[[-0.883197,-0.401835,0.241849],[-0.466574,0.805192,-0.366024],[0.0476537,0.436112,0.89863]],[[-0.883197,-0.401835,0.241849],[-0.466977,0.705579,-0.533003],[-0.0435355,0.583684,0.810813]]],3],[274,[-0.0583301,-0.482502,-0.87395],27,49.618,[-71.0678,60.696,-65.8259],[-71.3991,57.3581,-66.8994],[-29.0237,-2.66484,-4.12173],false,[-47.4115,86.3331,46.9409],[-63.9702,84.212,-7.51822],[-72.1879,74.915,-39.9605],[-73.3086,65.6446,-56.7519],[-71.9879,55.1892,-70.0047],[[[-0.796404,-0.544412,0.263355],[-0.530312,0.837991,0.128607],[0.290705,0.037237,0.956088]],[[-0.766881,-0.53882,0.348663],[-0.59659,0.798768,-0.0777866],[0.236588,0.267662,0.934015]],[[-0.766881,-0.53882,0.348663],[-0.639133,0.690553,-0.338592],[0.0583301,0.482502,0.87395]],[[-0.766881,-0.53882,0.348663],[-0.637032,0.573047,-0.515565],[-0.0779968,0.617487,0.782705]]],4]],[[0,200,0],[235.247,235.247,147.751]]],[16845,307460901,[[27,"left",[-0.0664475,0.129661,-0.989329],[0.202377,-0.969161,-0.14061],[-26.7098,90.0667,1.45946],[-4.89146,-19.2371,-0.211196],[-28.3843,96.0559,2.13913],0,0,1,[[-0.84222,-0.129747,-0.523288],[-0.205547,0.974575,0.0891818],[-0.498413,-0.182671,0.847476]],62.5938,[-163.553,37.2829,279.596],[-31.3601,85.7323,54.8215]]],[[270,[0.260338,-0.203648,-0.943796],27,51.1953,[29.9801,68.0475,-34.5856],[30.3286,64.2538,-37.5973],[4.73666,11.61,-16.4904],false,[-1.6281,80.8831,55.5868],[-1.6281,80.8831,55.5868],[13.6111,72.424,9.75361],[22.3306,65.6032,-21.857],[32.2664,63.4927,-42.4813],[[[-0.58714,0.807818,-0.0519298],[0.721751,0.551473,0.418274],[-0.366527,-0.208105,0.906835]],[[-0.459321,0.833683,-0.306588],[0.83213,0.524607,0.179854],[-0.31078,0.172511,0.934696]],[[-0.459321,0.833683,-0.306588],[0.849263,0.513322,0.123499],[-0.260338,0.203648,0.943796]],[[-0.459321,0.833683,-0.306588],[0.776045,0.54456,0.318134],[-0.432179,0.0918005,0.897103]]],0],[271,[-0.0246794,-0.430774,-0.902122],27,57.7682,[-5.74248,73.0202,-93.7739],[-7.72359,73.4119,-96.1928],[-26.4976,33.8926,-17.68],false,[-13.9547,99.2011,48.1907],[-4.74221,100.461,-23.478],[-8.0006,92.0997,-64.7159],[-8.58657,81.8717,-86.1352],[-8.31518,71.9818,-99.6927],[[[-0.974337,-0.184815,-0.128494],[-0.18552,0.982619,-0.00656972],[-0.127475,-0.0174371,0.991689]],[[-0.976332,-0.183568,0.114365],[-0.202029,0.962834,-0.179265],[0.0772075,0.198127,0.977131]],[[-0.976332,-0.183568,0.114365],[-0.214866,0.883593,-0.416048],[0.0246794,0.430774,0.902123]],[[-0.976332,-0.183568,0.114365],[-0.215674,0.786814,-0.57828],[-0.0161695,0.589259,0.807783]]],1],[272,[-0.0610446,-0.387816,-0.919713],27,65.8222,[-32.3219,70.6009,-104.639],[-34.404,70.4553,-105.967],[-29.9808,21.4077,-7.93805],false,[-25.8497,98.6429,46.0684],[-26.317,97.998,-22.462],[-33.473,89.5893,-68.5051],[-35.1782,78.7561,-94.1962],[-34.9733,68.8595,-109.778],[[[-0.936603,-0.350258,0.00968322],[-0.350326,0.936606,-0.00642469],[0.00681906,0.00940967,0.999932]],[[-0.917204,-0.341663,0.204947],[-0.36864,0.922891,-0.111251],[0.151134,0.177592,0.97243]],[[-0.917204,-0.341663,0.204947],[-0.393714,0.856075,-0.33485],[0.0610446,0.387816,0.919713]],[[-0.917204,-0.341663,0.204947],[-0.398263,0.771912,-0.495517],[-0.0110985,0.536113,0.844073]]],2],[273,[-0.0535732,-0.428197,-0.902096],27,63.2898,[-53.4377,65.8403,-92.8781],[-54.517,63.5143,-93.6987],[-28.2822,5.21456,-2.59788],false,[-37.4124,95.2575,45.3731],[-46.8718,92.6774,-15.3736],[-54.413,83.4361,-57.6117],[-55.8708,71.7838,-82.1599],[-55.1487,61.2094,-97.144],[[[-0.896299,-0.414658,0.157183],[-0.415951,0.909011,0.0261625],[0.153729,0.0419308,0.987223]],[[-0.878589,-0.409121,0.246375],[-0.445599,0.887855,-0.114698],[0.17182,0.210557,0.962364]],[[-0.878589,-0.409121,0.246375],[-0.474564,0.805771,-0.354292],[0.0535732,0.428197,0.902096]],[[-0.878589,-0.409121,0.246375],[-0.475954,0.707588,-0.52229],[-0.039348,0.576141,0.816403]]],3],[274,[-0.0789093,-0.473578,-0.87721],27,49.618,[-71.1264,60.6231,-65.8479],[-72.5319,57.1814,-66.7729],[-47.1554,-5.31265,1.67569],false,[-47.1795,85.3975,47.0598],[-64.0252,83.5485,-7.32119],[-72.9453,74.4462,-39.6329],[-74.4614,65.3473,-56.4869],[-73.4695,55.058,-69.8975],[[[-0.791352,-0.551475,0.263889],[-0.535068,0.83356,0.137407],[0.295743,0.0324609,0.954716]],[[-0.756089,-0.545057,0.362273],[-0.601978,0.796392,-0.0581615],[0.25681,0.262056,0.930256]],[[-0.756089,-0.545057,0.362273],[-0.649694,0.691836,-0.315057],[0.0789093,0.473578,0.87721]],[[-0.756089,-0.545057,0.362273],[-0.651842,0.577617,-0.491387],[-0.0585787,0.607677,0.792021]]],4]],[[0,200,0],[235.247,235.247,147.751]]],[16846,307483434,[[27,"left",[-0.0695108,0.131287,-0.988904],[0.20691,-0.967848,-0.143035],[-26.6811,89.9469,1.46997],[-1.48567,-11.5482,0.163095],[-28.3674,95.9952,2.13248],0,0,0.989147,[[-0.840287,-0.136239,-0.524745],[-0.21065,0.973906,0.0844649],[-0.499545,-0.181512,0.847059]],62.5938,[-163.673,37.3412,279.498],[-31.1794,85.4833,54.8344]]],[[270,[0.271097,-0.193446,-0.942913],27,51.1953,[29.9825,68.0397,-34.593],[30.9194,64.8205,-37.63],[26.0268,24.7805,-5.92424],false,[-1.42159,80.7825,55.5178],[-1.42159,80.7825,55.5178],[13.9699,72.6138,9.68284],[23.0497,66.1347,-21.8982],[33.3182,64.3715,-42.3918],[[[-0.591325,0.80495,-0.048892],[0.719983,0.554273,0.41762],[-0.363263,-0.211748,0.907305]],[[-0.464078,0.831955,-0.304109],[0.828316,0.529244,0.183829],[-0.313885,0.166588,0.934732]],[[-0.464078,0.831955,-0.304109],[0.84329,0.520028,0.135767],[-0.271097,0.193446,0.942913]],[[-0.464078,0.831955,-0.304109],[0.764942,0.549516,0.335999],[-0.446649,0.0766961,0.891416]]],0],[271,[-0.0271355,-0.416249,-0.908846],27,57.7682,[-5.814,73.076,-93.8527],[-8.03532,74.2653,-96.5226],[-18.6688,40.5503,-17.907],false,[-13.8583,99.0528,48.1882],[-4.82695,100.501,-23.4999],[-8.19086,92.5857,-64.8173],[-8.83514,82.7026,-86.3962],[-8.60156,73.0782,-100.144],[[[-0.973704,-0.189468,-0.126497],[-0.19048,0.981682,-0.00415819],[-0.124968,-0.0200463,0.991958]],[[-0.975206,-0.188734,0.115556],[-0.206447,0.96395,-0.16787],[0.0797078,0.187564,0.979013]],[[-0.975206,-0.188734,0.115556],[-0.21963,0.889447,-0.400807],[0.0271355,0.416249,0.908846]],[[-0.975206,-0.188734,0.115556],[-0.220862,0.797211,-0.561849],[-0.0139172,0.573441,0.819129]]],1],[272,[-0.063289,-0.384107,-0.921117],27,65.8222,[-32.3857,70.6166,-104.674],[-34.6792,70.6525,-106.02],[-20.5656,14.5158,-4.82821],false,[-25.7554,98.4388,46.0937],[-26.3865,97.9275,-22.4365],[-33.6779,89.623,-68.4772],[-35.4458,78.8935,-94.2076],[-35.2719,69.0798,-109.842],[[[-0.934801,-0.354992,0.0112578],[-0.355051,0.934839,-0.00370492],[0.009209,0.00746045,0.99993]],[[-0.914793,-0.346616,0.207394],[-0.373417,0.921464,-0.10707],[0.153993,0.175391,0.972381]],[[-0.914793,-0.346616,0.207394],[-0.398935,0.855757,-0.329441],[0.063289,0.384107,0.921117]],[[-0.914793,-0.346616,0.207394],[-0.403814,0.772812,-0.489588],[-0.00942277,0.53162,0.846931]]],2],[273,[-0.0654917,-0.414586,-0.90765],27,63.2898,[-53.5079,65.8078,-92.904],[-55.3308,64.0766,-93.8257],[-37.3103,23.4661,-7.08295],false,[-37.3026,94.9966,45.4198],[-46.897,92.4894,-15.3088],[-54.9298,83.7315,-57.5593],[-56.712,72.4496,-82.2586],[-56.2034,62.1302,-97.4281],[[[-0.893814,-0.419481,0.15853],[-0.420457,0.906849,0.0289863],[0.155922,0.0407467,0.986929]],[[-0.874834,-0.413671,0.252076],[-0.448518,0.88829,-0.0988556],[0.183023,0.199543,0.962645]],[[-0.874834,-0.413671,0.252076],[-0.479975,0.810552,-0.335602],[0.0654917,0.414586,0.90765]],[[-0.874834,-